Study on patients with burns
============================

Contents: Data of 154 patients from a study on the efficacy of two
          different burn treatments on different parts of the body.

Objective: To compare both burn treatments ("bathing care"  and
           "body cleansing") with respect to the time until a
           staphylococcus infection.

Note: You do not have to study all of the variables of the data set.
      Choose five to eight variables based on your statistical
      or medical criteria.

Variables:
* Treatment (0: Standard ("bathing care"),
             1: Alternative ("body cleansing";
                https://en.wikipedia.org/wiki/Detoxification_(alternative_medicine))
* Gender (0: Man, 1: Woman)
* Total percentage of burns
* Head indicator (1: yes; 0: no)
* Buttocks indicator (1: yes; 0: no)
* Torso indicator (1: yes; 0: no)
* Upper leg indicator (1: yes; 0: no)
* Lower leg indicator (1: yes; 0: no)
* Respiratory system indicator (1: yes; 0: no)
* Type of burn (1 = chemical, 2 = scalding, 3 = electrical,
                4 = flame)
* Time to staphylococcus infection [days]
* Infection indicator (1: yes; 0: no)

The data:
 0   0   15   0   0   1   1   0   0   2   12   0
 0   0   20   0   0   1   0   0   0   4    9   0
 0   0   15   0   0   0   1   1   0   2    7   1
 0   0   20   1   0   1   0   0   0   2   29   0
 0   0   70   1   1   1   1   0   0   2    4   1
 0   0   20   1   0   1   0   0   0   4    8   1
 0   0    5   0   0   0   0   0   1   4   11   1
 0   0   30   1   0   1   1   0   0   4    4   1
 0   0   25   0   1   0   1   1   0   4    4   1
 0   0   20   0   1   0   1   0   0   4    7   0
 0   0   30   1   0   1   0   0   1   4   44   1
 0   0   20   0   0   1   0   0   1   4   20   0
 0   0   25   0   0   1   1   1   0   4   32   0
 0   0   70   0   0   0   0   0   1   4   16   0
 0   0   20   1   0   1   0   0   0   4   39   0
 0   0   10   1   0   1   0   0   1   4   34   0
 0   0   10   1   0   0   0   0   0   4    8   0
 0   0   15   0   0   0   0   0   0   4    6   1
 0   0   10   0   0   0   0   0   1   4    8   0
 0   0   15   0   0   0   0   1   0   4   32   0
 0   0   16   0   0   1   0   0   0   4   43   0
 0   1   55   1   0   1   1   0   0   4   56   0
 0   0   20   1   0   1   1   0   0   4   11   1
 0   0   30   0   0   0   1   1   0   4   43   0
 0   0   40   0   1   0   1   1   0   1   25   0
 0   0   15   1   0   1   1   0   0   4   12   0
 0   1   50   0   0   1   0   0   1   4   32   1
 0   0   40   1   0   1   1   0   0   4   51   1
 0   1   45   0   1   1   1   1   0   4   21   0
 0   1   40   0   1   1   1   1   0   2   29   0
 0   0   28   0   0   1   0   0   0   2    3   1
 0   0   19   1   0   1   0   0   0   3   16   0
 0   0   15   0   0   1   0   0   0   2    3   1
 0   0    5   0   0   1   0   1   0   3    4   1
 0   1   35   0   0   1   0   0   0   4    7   1
 0   0    2   1   0   1   0   0   0   1   27   0
 0   1    5   0   0   1   0   0   0   2   18   0
 0   0   55   1   0   1   0   0   1   4   47   1
 0   0   10   0   0   0   1   0   0   2   29   0
 0   0   15   0   0   1   0   0   0   4    5   0
 0   1   20   1   0   1   0   0   1   4   97   0
 0   1   30   1   0   1   1   0   1   4   28   0
 0   0   25   1   1   1   1   0   1   4    7   1
 0   0   95   1   1   1   1   1   1   4    3   1
 0   1   30   0   0   0   0   1   0   4   39   0
 0   0   15   1   0   1   0   0   0   4   10   0
 0   0   20   0   1   1   1   0   0   4   46   0
 0   1    6   0   0   1   0   0   0   2   28   0
 0   0   15   0   0   1   0   0   1   4   21   0
 0   0    7   0   0   1   1   0   0   1   38   0
 0   0   13   0   0   1   1   1   0   4   10   0
 0   0   25   1   0   1   0   0   1   4    5   1
 0   0   25   1   0   1   0   1   1   4    9   1
 0   1   20   1   0   1   0   0   1   4   21   1
 0   1   25   0   0   1   1   0   0   4   26   0
 0   0   95   1   0   1   1   1   1   4   14   0
 0   0   17   1   0   1   0   0   0   4   16   0
 0   0    3   0   0   1   0   1   0   3    1   1
 0   0   15   1   0   1   0   0   0   4   19   0
 0   0   65   1   1   1   1   1   1   4   10   1
 0   1   15   1   0   1   1   1   1   4   18   0
 0   0   40   1   0   1   0   0   0   3   13   1
 0   0   45   1   0   1   1   0   1   4   40   0
 0   1   35   0   0   1   1   0   0   4   47   0
 0   0   85   1   1   1   1   0   1   4    9   1
 0   1   15   0   1   0   1   0   1   4   19   1
 0   0   70   0   1   1   1   1   0   2   60   0
 0   0    6   1   0   0   0   0   1   4    7   0
 0   0   20   0   0   1   0   0   0   4    6   1
 0   1   36   1   0   1   0   1   1   4   23   1
 1   1   50   1   1   1   0   1   0   4   15   0
 1   0   21   1   0   1   0   0   0   4   23   0
 1   0   16   1   0   1   0   0   0   4    9   0
 1   1    3   0   0   1   0   0   0   4   14   0
 1   0    5   1   0   1   0   0   0   3    2   1
 1   0   32   0   1   1   1   0   1   4   18   1
 1   0   38   0   1   1   1   0   0   4   22   0
 1   0   16   1   0   1   0   0   0   4   16   0
 1   1    9   0   1   0   1   0   0   4    2   1
 1   0   17   0   1   1   0   0   0   2   22   0
 1   0   22   1   0   1   0   0   0   4    5   1
 1   0   10   0   0   1   0   0   0   4   14   0
 1   0   12   1   0   1   0   0   0   4   12   0
 1   0   80   1   1   1   1   1   1   4   41   0
 1   1   15   0   0   1   1   0   0   4   21   0
 1   0   50   1   0   1   0   0   1   4   56   0
 1   0   50   1   1   1   1   1   1   4   67   0
 1   0   15   1   0   1   0   0   0   3   11   0
 1   0    8   1   0   1   0   0   0   4   17   0
 1   1   45   1   1   1   1   0   0   1   18   1
 1   0   20   0   1   1   1   0   1   4   14   1
 1   0    5   0   0   1   0   1   0   3    5   1
 1   0   25   0   0   1   0   0   0   2    5   1
 1   0   40   0   1   1   1   0   0   4   31   0
 1   0    4   0   0   1   0   1   0   3   23   0
 1   0   25   0   0   1   1   0   1   4   46   0
 1   1   20   0   0   1   0   1   0   4   38   0
 1   1   26   0   0   1   0   0   1   4   35   0
 1   0   10   0   1   1   1   0   0   4   21   0
 1   1   85   1   1   1   1   0   1   4   11   0
 1   0   75   1   0   1   1   1   0   4   16   1
 1   0    5   0   0   1   0   1   0   1   13   0
 1   0   20   1   0   1   0   0   0   4   12   0
 1   1    8   0   1   0   1   1   0   4   13   0
 1   1   10   0   0   1   0   0   1   4   23   0
 1   0   10   0   0   0   0   1   1   4   31   0
 1   1    2   0   0   1   0   0   0   1   10   0
 1   0    5   0   0   0   0   1   0   2   17   0
 1   0   10   1   0   0   0   1   0   4   18   0
 1   0   18   0   0   1   1   1   0   4   33   0
 1   0   20   1   0   1   1   0   0   4   17   0
 1   0   80   1   1   1   1   1   1   4   13   0
 1   0   17   1   0   1   1   1   1   4   35   0
 1   0   35   1   0   1   0   0   0   4   71   0
 1   0   50   1   0   1   0   1   1   4    3   1
 1   0   20   0   0   1   0   0   0   4   42   1
 1   0   25   0   1   1   1   0   0   3    5   1
 1   0   20   0   0   0   1   0   1   1   30   0
 1   0   20   0   0   1   1   0   0   4   38   0
 1   0   10   1   0   1   0   0   0   4   16   0
 1   0   15   1   0   1   0   0   0   2   20   0
 1   0   15   0   0   1   0   1   0   4   30   0
 1   0   15   0   0   1   0   0   0   4    7   0
 1   0   20   0   0   1   1   0   0   2   22   0
 1   0   13   1   0   1   0   0   0   4    5   1
 1   0   25   1   0   1   0   0   1   4   31   0
 1   0   25   0   0   1   1   0   1   4   10   1
 1   0    8   1   0   1   0   0   0   4   14   0
 1   1   30   1   0   1   0   0   1   4   13   0
 1   0   40   0   1   1   1   1   0   4   17   1
 1   1   12   0   1   1   1   1   0   1   21   0
 1   0   15   0   0   1   0   0   0   4   25   0
 1   0   25   1   0   1   0   0   0   4    8   1
 1   0   15   0   0   1   0   0   0   4   11   1
 1   0   20   0   0   1   1   1   0   4   31   0
 1   0   22   0   1   1   0   0   0   4   20   0
 1   0   15   1   0   1   0   1   0   4   22   0
 1   0    7   1   0   1   0   0   0   3   13   0
 1   0   30   0   1   1   1   1   0   2    4   1
 1   0   20   1   0   1   0   0   1   4   14   0
 1   1   35   1   0   1   0   0   1   4   49   0
 1   0   10   0   0   1   0   0   0   4   12   0
 1   0    8   0   0   1   0   1   0   3   14   0
 1   0   13   0   0   0   0   1   0   4   38   0
 1   1   10   0   1   1   1   0   0   2   41   0
 1   0    8   0   0   0   1   1   0   4   18   0
 1   0    7   1   0   1   0   0   0   4    8   0
 1   0   52   1   0   1   1   1   1   4   76   0
 1   1   14   0   1   1   1   1   0   4   62   0
 1   1    7   0   0   1   0   0   0   1   17   0
 1   1   20   1   0   1   0   0   0   4   17   1
 1   0   15   0   0   0   1   1   1   4   42   0
 1   0   10   0   0   1   0   0   0   4    2   1
 1   0   35   1   1   1   0   0   0   4   27   0
